#FIG 3.2
Portrait
Center
Metric
A4      
73.00
Single
-2
1200 2
5 1 0 8 0 7 50 0 -1 0.000 0 0 0 0 5175.000 8778.000 3825 6978 5175 6528 6525 6978
5 1 0 8 0 7 50 0 -1 0.000 0 1 0 0 5175.000 5515.500 3825 6078 5175 6978 6525 6078
5 1 0 8 0 7 50 0 -1 0.000 0 1 0 0 5175.000 3378.000 3825 5178 5175 5628 6525 5178
5 1 0 8 0 7 50 0 -1 0.000 0 1 0 0 5250.000 4653.000 5175 5178 5625 4278 4725 4728
5 1 0 8 0 7 49 0 -1 0.000 0 0 0 0 5175.000 6640.500 3825 6078 5175 5178 6525 6078
6 4635 2475 5760 3600
6 4641 2481 5754 3594
6 4789 2664 5711 3585
2 1 0 1 0 7 100 0 -1 0.000 0 0 -1 0 0 2
	 5048 3383 5199 3369
2 1 0 1 0 7 100 0 -1 0.000 0 0 -1 0 0 2
	 5129 3423 5206 3439
2 1 0 1 0 0 100 0 20 0.000 0 0 7 0 0 3
	 5121 3291 5201 3312 5206 3312
2 3 0 1 0 0 100 0 20 0.000 0 0 7 0 0 5
	 5223 3234 5282 3244 5204 3345 5201 3234 5223 3234
3 2 0 1 0 7 100 0 -1 0.000 0 0 0 4
	 4829 2872 5014 2888 5142 2933 5191 2973
	 0.000 -1.000 -1.000 0.000
3 2 0 1 0 7 100 0 -1 0.000 0 0 0 4
	 5284 3043 5307 2982 5458 2919 5619 2931
	 0.000 -1.000 -1.000 0.000
3 2 0 1 0 7 100 0 -1 0.000 0 0 0 4
	 5282 3053 5498 3029 5571 2999 5604 2927
	 0.000 -1.000 -1.000 0.000
3 2 0 1 0 7 100 0 -1 0.000 0 0 0 3
	 5427 2935 5421 3038 5458 2927
	 0.000 -1.000 0.000
3 2 0 1 0 7 100 0 -1 0.000 0 0 0 3
	 5341 3286 5531 3289 5619 3344
	 0.000 -1.000 0.000
3 2 0 1 0 7 100 0 -1 0.000 0 0 0 3
	 5206 3372 5418 3392 5573 3206
	 0.000 -1.000 0.000
3 2 0 1 0 7 100 0 -1 0.000 0 0 0 3
	 5196 3580 5343 3524 5393 3395
	 0.000 -1.000 0.000
3 2 0 1 0 0 100 0 -1 0.000 0 0 0 4
	 5254 3031 5349 2947 5581 2871 5661 2864
	 0.000 -1.000 -1.000 0.000
3 2 0 1 0 7 100 0 -1 0.000 0 0 0 7
	 5170 3022 5067 3043 4965 3032 4883 2991 4982 2953 5095 2977
	 5170 3017
	 0.000 -1.000 -1.000 -1.000 -1.000 -1.000 0.000
3 2 0 1 0 7 100 0 -1 0.000 0 0 0 6
	 4796 2664 4804 3010 4852 3237 4956 3419 5119 3544 5194 3581
	 0.000 -1.000 -1.000 -1.000 -1.000 0.000
3 2 0 1 0 7 100 0 -1 0.000 0 0 0 2
	 5333 3244 5641 3208
	 0.000 0.000
3 2 0 1 0 0 100 0 -1 0.000 0 0 0 4
	 5562 3233 5639 3138 5694 2969 5703 2832
	 0.000 -1.000 -1.000 0.000
-6
1 3 0 1 0 7 100 0 -1 0.000 1 0.0000 5198 3038 547 547 5198 3038 5744 3038
-6
-6
6 4635 8550 5760 9675
1 3 0 1 0 0 100 0 -1 8.000 1 0.0000 5198 9113 547 547 5198 9113 5744 9113
2 3 0 1 0 0 100 0 -1 8.000 0 0 0 0 0 6
	 5198 8566 4677 8944 4876 9555 5519 9555 5718 8944 5198 8566
2 1 0 1 0 0 100 0 -1 8.000 0 0 -1 0 0 2
	 5198 8581 4885 9550
2 1 0 1 0 0 100 0 -1 8.000 0 0 -1 0 0 2
	 5198 8566 5510 9550
2 1 0 1 0 0 100 0 -1 8.000 0 0 -1 0 0 2
	 5713 8941 4682 8941
2 1 0 1 0 0 100 0 -1 8.000 0 0 -1 0 0 2
	 4682 8941 5510 9550
2 1 0 1 0 0 100 0 -1 8.000 0 0 -1 0 0 2
	 4885 9550 5713 8941
-6
6 2925 8100 4050 9225
5 1 0 1 0 0 100 0 -1 0.000 0 0 0 0 3487.500 8778.513 3331 8663 3488 8584 3644 8663
5 1 0 1 0 0 100 0 -1 0.000 0 1 0 0 3487.500 8545.000 3331 8663 3488 8741 3644 8663
1 3 0 1 0 0 100 0 -1 0.000 1 0.0000 3488 8663 547 547 3488 8663 4034 8663
1 3 0 1 0 0 100 0 -1 0.000 1 0.0000 3488 8663 398 398 3488 8663 3878 8741
1 3 0 1 0 0 100 0 -1 0.000 1 0.0000 3488 8663 247 247 3488 8663 3722 8741
1 3 0 0 0 0 100 0 20 2.000 1 0.0000 3488 8663 78 78 3488 8663 3488 8584
-6
6 6300 8100 7425 9225
5 1 0 1 0 0 100 0 -1 8.000 0 1 0 0 6979.500 8545.714 6863 8116 6550 8663 7409 8663
1 3 0 1 0 0 100 0 -1 8.000 1 0.0000 6863 8663 547 547 6863 8663 6863 8116
-6
6 6300 2925 7425 4050
1 3 0 1 0 0 100 0 -1 8.000 1 0.0000 6863 3488 547 547 6863 3488 6863 2941
2 3 0 1 0 0 100 0 -1 8.000 0 0 0 0 0 4
	 6863 4034 7337 3213 6388 3214 6863 4034
2 1 0 1 0 0 100 0 -1 8.000 0 0 -1 0 0 2
	 6613 3613 7113 3613
2 1 0 1 0 0 100 0 -1 8.000 0 0 -1 0 0 2
	 6738 3831 6988 3831
2 1 0 1 0 0 100 0 -1 8.000 0 0 -1 0 0 2
	 6519 3425 7238 3425
-6
6 2925 2925 4050 4050
1 3 0 1 0 0 100 0 -1 8.000 1 0.0000 3488 3488 546 546 3488 3488 3488 2941
1 3 0 1 0 0 100 0 -1 8.000 1 0.0000 3488 3488 156 156 3488 3488 3488 3332
2 1 0 1 0 0 100 0 -1 8.000 0 0 -1 0 0 2
	 3331 3332 3175 3175
2 1 0 1 0 0 100 0 -1 8.000 0 0 -1 0 0 2
	 3644 3332 3800 3175
2 1 0 1 0 0 100 0 -1 8.000 0 0 -1 0 0 2
	 3644 3643 3800 3800
2 1 0 1 0 0 100 0 -1 8.000 0 0 -1 0 0 2
	 3331 3643 3175 3800
3 2 0 1 0 0 100 0 -1 8.000 0 0 0 4
	 3488 3691 3519 3784 3456 3879 3488 3971
	 0.000 -1.000 -1.000 0.000
3 2 0 1 0 0 100 0 -1 8.000 0 0 0 4
	 3706 3488 3800 3457 3894 3518 3988 3488
	 0.000 -1.000 -1.000 0.000
3 2 0 1 0 0 100 0 -1 8.000 0 0 0 4
	 3488 3284 3456 3191 3519 3096 3488 3004
	 0.000 -1.000 -1.000 0.000
3 2 0 1 0 0 100 0 -1 8.000 0 0 0 4
	 3269 3488 3175 3518 3081 3457 2988 3488
	 0.000 -1.000 -1.000 0.000
-6
1 3 0 6 0 7 50 0 -1 0.000 1 0.0000 5175 6078 450 450 5175 6078 5625 6078
2 3 0 8 0 7 50 0 -1 0.000 0 0 7 0 0 7
	 7425 6078 6299 4130 4051 4130 2925 6078 4051 8026 6299 8026
	 7425 6078
2 1 0 8 0 7 50 0 -1 0.000 0 0 7 0 0 2
	 5175 6978 5175 7878
